-8.52240821992478 -7.71275283865948 2
-7.02674428701833 -11.1967716822223 2
-8.66023785803862 -10.6942925104355 2
-9.7341579736435 -10.4122929511368 2
-9.61600659171234 -10.9706733411195 2
-9.39705767003581 -10.9472799452281 2
-9.34847596278207 -9.25186065970945 2
-11.7576715092821 -10.1169552258872 2
-9.98096513481266 -9.84734237371777 2
-10.1552846124619 -7.81002189267062 2
-9.23915355913842 -9.64301376967098 2
-8.45027309278975 -7.28324821686927 2
-12.7501650117285 -7.71854807401044 2
-11.0474232483745 -9.67597945986148 2
-10.9179924737637 -8.10393293319007 2
-10.4701095080177 -9.5323194886783 2
-9.38262791216513 -10.8938007230854 2
-10.0421062727166 -10.3073282995372 2
-9.09810109871146 -10.0048224222676 2
-11.3395832098225 -9.01183585050006 2
-10.8038543501015 -9.16024964037593 2
-10.3184786531132 -9.2946581690945 2
-9.8095466933467 -8.69403527918831 2
-8.91273330938828 -11.3879962165928 2
-10.1453997291185 -8.72708313574476 2
-12.4628002507678 -9.81580722876423 2
-10.9236196922107 -9.24772010425997 2
-10.7418766879789 -9.40825494753727 2
-11.416021791896 -10.983052595771 2
-11.2516633702646 -10.276063955112 2
-12.1089056909611 -10.8708510225686 2
-10.7103126029268 -9.28128944691576 2
-8.52481799133644 -9.88934712223066 2
-9.41027351628344 -10.0784667679717 2
-10.139703246476 -10.420490459342 2
-9.48827576670528 -10.5621258762853 2
-10.1509373511531 -9.00248655524469 2
-10.4420393953397 -11.1051300588133 2
-9.83760087740083 -10.1422878307746 2
-10.971838541036 -9.68500509511209 2
-9.32873451821376 -8.78144946549265 2
-11.6383971613652 -10.6993170786855 2
-8.93172731866696 -10.2854327515287 2
-9.98858787534227 -11.3115526726094 2
-8.13471866035416 -10.3910124314493 2
-10.0182508634996 -10.401526613095 2
-9.7529794544458 -8.64948241907705 2
-9.08057488775585 -9.40880997291078 2
-7.82683556753349 -9.89947454437143 2
-9.35062294554648 -9.0689280044799 2
-10.5252615497987 -10.2627423485665 2
-9.72427268924243 -10.0076681047127 2
-10.0547097653028 -9.63284699345436 2
-9.61175039426498 -8.29283745486239 2
-9.58297695397208 -9.27625973747162 2
-8.83582483484503 -9.51896395129208 2
-11.737864135077 -11.5678682442253 2
-9.74592264981048 -9.68174971651917 2
-9.02628137675152 -9.83400854932265 2
-11.1111989466255 -10.8999076296282 2
-10.9734990564235 -9.92362852613943 2
-11.2571286758474 -9.84084472173727 2
-11.7762875832498 -9.4563258152903 2
-7.31683147774981 -9.29519264738695 2
-10.6598630751457 -9.68103085744289 2
-11.1794496668503 -8.89075021102894 2
-10.3935137764621 -9.23084580534289 2
-8.81014133291968 -8.84652632522106 2
-9.64347263471135 -8.73931649731906 2
-8.53449195605561 -9.29937649342768 2
-8.90926984790444 -9.56737283915404 2
-9.34274578436827 -10.9226017182569 2
-12.2629410039421 -10.6155842066309 2
-10.0876900294721 -10.8666596882514 2
-10.7675230016167 -11.6395170871811 2
-9.3868425360355 -11.3258392438434 2
-10.152502969911 -10.889036727638 2
-9.40829255322869 -10.5576023303021 2
-9.03929503289395 -10.0624023088383 2
-9.41504200508281 -7.57730702284057 2
-10.656672889341 -9.6574146498527 2
-9.70975041200631 -9.99575176374787 2
-10.9040977289285 -9.97078015799835 2
-10.1990202237027 -10.3934234291213 2
-9.94842519312246 -10.7927045627889 2
-9.0917948205139 -10.3117018652952 2
-8.85752166058685 -10.3460685917809 2
-10.9903249357647 -10.3046075882453 2
-10.1122732777134 -11.7858934874445 2
-11.1496316741612 -9.41272532814203 2
-9.08950467610054 -8.36420556555341 2
-8.89618028348436 -10.6454234736344 2
-8.36513269367109 -9.38100783121266 2
-8.38361750579482 -9.76360640159868 2
-9.16326299251332 -9.15349910124836 2
-11.0929991155745 -10.5736457388497 2
-11.2350981802016 -8.88200679600383 2
-10.1720666016466 -11.540001131933 2
-10.120493170239 -10.4381238993001 2
-10.5575326703348 -10.1506729708964 2
-10.4913831620312 -9.48094163472705 2
-9.93098737562343 -9.41246029509811 2
-8.64920368508613 -10.0793330610552 2
-10.7993575711837 -11.1743610148694 2
-9.67990592297658 -9.69127788236163 2
-9.64304881062201 -11.6038785426835 2
-9.48927206215294 -9.00871037494729 2
-8.12111991755019 -8.97677955529963 2
-9.04815491012108 -9.15985456111652 2
-12.2731566149315 -9.87992139204428 2
-10.2026876299972 -10.4262550554457 2
-7.69144530212937 -9.54107375649597 2
-9.94336433666168 -9.35495205230609 2
-10.0628438420455 -9.3884694507098 2
-10.7102281373915 -10.8892112938688 2
-9.40769260268851 -8.45610765130778 2
-10.2985246303034 -11.241763604885 2
-10.6425356267119 -8.89655265960872 2
-12.1127950955741 -9.01722764332442 2
-10.9177796331655 -9.6956728259668 2
-8.42714524712467 -11.5547182161953 2
-10.9926417314165 -8.43010922359969 2
-10.4795208712848 -9.31155030671592 2
-9.70341944458398 -10.1776036589516 2
-10.8158402347192 -9.27079873407091 2
-9.0002283869419 -8.46674906855286 2
-10.5492102943828 -9.49342155199462 2
-10.2797712044553 -9.96667232373669 2
-10.916635889755 -11.4675507151376 2
-8.26874274221642 -8.98084228407098 2
-8.52041893318071 -10.5933393332234 2
-12.2298110273848 -9.18759011003921 2
-10.3864989464479 -9.13383216969475 2
-10.660265687547 -9.63169169675922 2
-9.72376479030678 -8.86518090138124 2
-10.2759329985099 -10.7570992800679 2
-7.72576879848905 -9.55477943110133 2
-10.908085739948 -9.08406705614722 2
-8.9137468917163 -9.73024125758184 2
-9.78447328538902 -8.99245955111603 2
-9.26657262378573 -11.4614332649228 2
-10.2121178351137 -10.8747856107393 2
-9.06085809656721 -9.83477106164234 2
-9.38080636333614 -9.79279297324586 2
-10.2440111579192 -9.51763810920623 2
-10.3717433834254 -10.0716583748081 2
-10.6272082187551 -10.8889284253762 2
-8.92688607411866 -9.5140564297858 2
-9.29130728576803 -9.65950324276387 2
-10.9071316717842 -11.0979241939866 2
-9.68029436150734 -10.3556944427786 2
-11.1650659409543 -8.90269958927646 2
-9.37828945114705 -10.9066919699925 2
-11.2482131897476 -10.2074566241375 2
-11.440401541758 -9.32113856595298 2
-10.7619934380516 -10.7977877412248 2
-10.5593712350435 -11.5915389379775 2
-11.5992638060614 -8.81965187548236 2
-9.90154226515027 -8.77743071016185 2
-8.55044621591547 -10.0109091865599 2
-9.74233869397747 -9.65447753425229 2
-7.96692866946414 -9.9058108419514 2
-10.5869641715218 -9.99320663212625 2
-10.1605865324974 -9.25737712190079 2
-10.1131528680986 -8.95781346383838 2
-10.5716906069073 -10.3193371382304 2
-9.03447034580151 -9.67735660377651 2
-10.318001153012 -9.31494702117298 2
-9.82649241016835 -9.6797572256549 2
-9.08738881910727 -11.9149380240243 2
-8.15310522738804 -12.3399628993987 2
-10.6695180180647 -9.51713570642105 2
-9.89121348115442 -8.82146995261862 2
-11.5665753513316 -11.2927770335029 2
-9.15515476833547 -9.38422691475564 2
-11.0976492844501 -9.74395791911343 2
-10.3008803427777 -9.2721609976095 2
-9.22303374783512 -8.67588908146365 2
-9.96156582134853 -9.85284150982135 2
-11.1094895688729 -10.5985393927546 2
-10.5363252655195 -7.80747007322081 2
-9.63665154183948 -7.67288720442176 2
-9.89449928847831 -8.86513040023054 2
-10.3338746428387 -10.1908845561884 2
-10.8102310522334 -9.52515543600635 2
-8.31630461708401 -10.5454749352582 2
-10.6657278429403 -8.94435145512919 2
-9.20761246509777 -9.57097816750714 2
-11.5277233032314 -11.8199564141556 2
-8.51330760180691 -10.6919760890394 2
-9.32885141855578 -11.9318282476756 2
-11.6751774465664 -8.79032798735511 2
-10.6119320607338 -10.2790000483072 2
-9.76779435433695 -11.0957832269415 2
-10.6052933184672 -10.1021860424633 2
-8.84089387599753 -9.6429770418438 2
-8.83557072819463 -10.8823025657507 2
-9.13007505253145 -10.0566477939583 2
-9.73889428248302 -10.5810189514208 2
-9.5058043356026 -9.35591181093448 2
-8.69417726866576 -7.97665594675399 2
-12.0234126207356 -9.13750750243984 2
-9.24435117876929 -10.0249094914784 2
-9.75840538107814 -9.39936505101713 2
-11.0971588993329 -8.78351926495164 2
-9.05338724885252 -11.1765315497183 2
-8.86604007873064 -10.60934003432 2
-9.11661647726299 -9.61273742679004 2
-10.5164133985901 -11.3991401444828 2
-9.66204460119681 -8.76750814928439 2
-9.97754814384291 -9.98449249935102 2
-9.89794904228735 -11.6209590519721 2
-10.3004085967019 -10.6654646643047 2
-10.806620412994 -10.5748405095731 2
-9.96279410544457 -10.901892975468 2
-8.54352400764831 -8.50840062963454 2
-9.37610935336193 -10.1372793171938 2
-9.83040172751512 -9.89171830192219 2
-11.2761231679036 -11.0352151033152 2
-9.74408552286881 -10.4447439187217 2
-9.83463172896044 -10.1960492656875 2
-9.57267888887132 -11.2693644917495 2
-9.94312725309886 -9.04647881534928 2
-8.5546164041428 -9.52745334617414 2
-11.8828070195665 -10.5587781013907 2
-10.1168900180761 -8.75793544026354 2
-10.4211327027429 -10.0152584661862 2
-11.5774043820963 -10.7917883891997 2
-9.74861147577334 -10.4016187425474 2
-9.94437566414387 -11.8967012895361 2
-9.97746812853244 -9.0280250655751 2
-12.3309609732628 -10.5139548559075 2
-9.90116965308751 -9.98543832731009 2
-10.1664315785277 -10.2609355702082 2
-9.73036459982163 -8.47764160799089 2
-10.8444736081429 -11.4733697457848 2
-11.4087677491323 -10.0165580140537 2
-8.43376377949331 -9.97545939111839 2
-10.1690381855806 -10.0012569888595 2
-8.49432083112379 -10.4339327066248 2
-10.9949329474109 -10.4055590568275 2
-11.2439084075687 -9.84476668112737 2
-9.96374317412888 -10.9723818180092 2
-9.58874412186096 -8.45182506959068 2
-11.2841489642462 -10.3701233330067 2
-8.8821923414171 -8.03847474314062 2
-9.16493029533319 -10.6099955758511 2
-11.5008116976672 -10.077428757408 2
-10.8991508604984 -11.8288592626879 2
-9.54358792218396 -9.19407575808371 2
8.96523324027175 9.91541392862898 1
10.444013354675 10.8404001255975 1
11.3423894000675 9.53651722781201 1
10.1633796374749 9.44916499551962 1
10.2491987036091 10.7360404321053 1
9.33752925867703 9.89211859849318 1
9.35602924212508 9.82971085017823 1
10.8519279617856 8.91166828813046 1
10.7247253712124 6.98894832423202 1
10.1380155574768 9.40682566719875 1
10.3457073097323 9.24020620369793 1
9.5921181697103 10.2920498636607 1
10.5423835939708 10.4213985945791 1
12.2339802780973 8.70551091899911 1
8.68237986525754 10.0692850888634 1
9.57811607219361 9.18696152272795 1
10.7425189888024 11.5108530723579 1
9.75345161160691 9.7283911200401 1
10.5347658873577 11.5582539286214 1
11.3755439339813 9.76265012989546 1
10.4107838418284 11.2831228822529 1
8.92789065549926 9.99051036417807 1
9.05580654242628 9.59991721834076 1
10.6605949068601 10.0219856238212 1
9.53677478215571 11.7427673811978 1
10.8334972073569 8.89282584069397 1
11.6561088319437 8.93951051751019 1
10.2429470183454 11.9511613193576 1
10.7348293136607 10.6027067426071 1
9.71194993199886 7.97939051916462 1
12.5198652015905 11.5066755428755 1
9.44075928261484 10.9637110891696 1
10.3707751177002 8.44610858778907 1
10.2463506307486 9.22635762127628 1
11.0685335778487 11.2607779555258 1
9.81114036626639 10.4284557788811 1
10.7001010458581 10.8445835369562 1
10.0548718784823 9.30084944787805 1
9.99527592782358 9.93513772341613 1
9.48625570640301 10.4709836454236 1
10.2320828030271 10.3635006216848 1
10.5038033806766 9.38544409082482 1
9.06885297013642 10.228949290443 1
9.13331711578803 9.73794316625611 1
11.6150766684992 10.612555990692 1
10.4148547512954 8.04238750737529 1
9.70412057109872 9.33649252853536 1
10.501413917215 10.2837875154372 1
9.83160363520784 10.2687179634489 1
11.4845050958043 9.35989525951163 1
10.935164736116 11.0799512665159 1
11.3183232652297 9.63485365918117 1
10.8435226453226 10.5893653895015 1
10.1802370639906 9.90390405296852 1
11.4735171938553 10.971507755278 1
9.70314488975241 10.5784689447169 1
9.51639367452172 9.22282649656292 1
9.93153354090557 9.39915788440113 1
9.7111678539452 8.50068059082381 1
8.68521862436683 10.7541634246012 1
10.2955726872178 10.5572943251257 1
10.0645784358198 10.0948771457734 1
9.22371780951592 8.21855858334157 1
11.0796106203337 8.89120758664394 1
9.40785079218588 9.73255221778325 1
9.67323733580942 8.92334691561733 1
12.2958561072692 9.50884828478732 1
10.4029287187213 11.6391979888546 1
8.87409655121486 10.3967770128662 1
8.93690726256597 8.40192660696613 1
11.1563933481456 8.53230982485617 1
10.9546710056801 11.0401378874769 1
10.6423568828727 10.7828309911332 1
10.1296915090942 9.52290357945927 1
9.70417082930413 10.0940246394353 1
9.17510048198157 10.5989793551478 1
11.1488312500153 7.10270203124648 1
8.41442605923743 10.5836966921325 1
10.132846092845 12.3760833683627 1
10.1188997311273 9.35373793927269 1
9.88057330497617 10.2430689787018 1
9.80650590762686 9.21050679039301 1
8.53052755937024 8.90630056801196 1
12.1603978277947 12.0446073649504 1
7.69030885447842 8.31866632969951 1
9.01541342802327 11.2152831312895 1
8.48922634642462 9.90427648320911 1
10.0445077537616 9.04860553433601 1
11.1534810149198 10.601265491634 1
7.70585686237715 6.98547276208751 1
9.46132860141939 10.7694846032985 1
10.1463574615034 11.568941998646 1
10.9792186179118 9.49728322421732 1
11.8311728316063 9.3821117796286 1
8.12996400180262 8.64856801989104 1
11.5030203917089 10.7690879081551 1
7.6816814576663 10.3294691174078 1
11.2562822115825 9.95585434304039 1
10.9385035130135 9.36276271902349 1
10.526780038564 9.93071726165501 1
11.733278052831 10.296851277965 1
11.0787283803137 8.09942640900737 1
10.3697395715781 8.35263436465945 1
8.58137585829792 8.22159457152754 1
10.9605153828588 10.0349434049987 1
9.55542740305822 9.5054535598708 1
9.07976857327179 10.6075449267812 1
9.75158402365063 9.63563515289784 1
10.2581177770135 10.1679343429954 1
7.69938684892724 10.56662266673 1
9.93746477236105 9.84431942653836 1
9.76888603559962 9.16201591296044 1
8.48239149909819 10.5470144696953 1
10.4987428938003 8.91196134291369 1
9.99574715097104 11.4518071580534 1
9.64048369553865 11.3869755365714 1
7.9170341095667 10.2600880165509 1
11.4080340819143 11.4436259424863 1
8.78214950567989 8.80875871791219 1
9.27820886115952 9.70161064368773 1
10.2016465178461 8.85559055866346 1
9.90463169323587 8.27846468177355 1
12.0326272795772 9.63031447259578 1
11.7757715850312 11.8220755110266 1
9.93397411514245 10.4775898037225 1
11.2241039918297 10.1405485253765 1
8.42154543278505 8.27397554657231 1
10.2045680057484 10.2765316566499 1
9.58667457088595 8.63724032237143 1
10.3555443750074 10.8354238069173 1
8.42181005474899 12.2256232307744 1
11.092890610832 10.1722669618243 1
10.7661616918074 8.49940721594064 1
12.4408099213203 8.65338264217861 1
10.6678749786263 7.59891771224424 1
10.877792425931 10.7935204060738 1
10.2494874235438 10.4438913308818 1
10.9145438056524 10.5038260959731 1
9.91912420144053 11.4280846538262 1
10.082884479736 8.16791306081847 1
10.4064287890155 11.3427828022857 1
9.30099285518044 12.4389443370252 1
9.5275532973031 10.6769361123618 1
9.01804496460344 8.0310193741 1
11.4454894670536 10.0803814222629 1
9.98349558553044 9.2952307691996 1
10.1911618289098 10.5972523198041 1
9.39384944417472 10.7957796335324 1
8.8894081399185 8.96916392788075 1
10.0291097900207 9.58047317031984 1
10.2923382077939 10.1600911338097 1
8.52130807154625 9.43551966989548 1
9.26823092962523 10.2275065426439 1
11.198989774618 10.2570788838534 1
8.48422842023364 9.66229919988844 1
10.3682117949533 10.3045724630381 1
10.611532913219 10.7244370868954 1
10.9940723866076 9.31482669560365 1
9.77615497061179 10.6614859035392 1
8.75539380340034 11.7254196199561 1
12.1466650511514 10.3213457027625 1
9.47341953472357 10.5763158913745 1
10.1325928378359 8.59000782348091 1
10.36330719663 9.00449793387537 1
10.8904075398188 11.5602989463431 1
10.5441647309823 10.2035939969077 1
10.4605373276931 9.61236520427106 1
10.1981044810726 10.9196148330089 1
10.0539873134965 9.6202610737533 1
9.93286367591098 10.7442452509724 1
8.62937885006339 8.81681790181374 1
11.7126155438967 10.2764190646571 1
11.5407718407356 9.64378227933491 1
8.57144314583843 10.9877238639825 1
11.1962984972003 9.73276635128493 1
9.11969661433359 10.4800272898087 1
11.6820824393035 10.7674227413612 1
8.30111550415849 10.9394420866437 1
10.1549616092378 8.94678740908578 1
11.2740009683984 11.0136177743218 1
10.5819454787347 8.74582676455167 1
10.4306606800498 9.61941636747687 1
9.69555300577074 10.2090888295306 1
9.66473830034823 9.87524382286345 1
12.2842582196347 12.1863779311146 1
10.878953581545 10.082023238116 1
9.01894079223668 12.1121020465408 1
9.25728440087848 11.0343427029544 1
9.89943241454196 9.80182679321271 1
9.83097979185556 8.96077042147985 1
9.65669344769104 9.8663358996446 1
8.9680836797543 9.41796380879833 1
8.38419236655315 9.09698877397983 1
12.0594353946596 9.19816825226603 1
9.28853877100796 11.3208206731944 1
10.1975098396741 11.0391796495433 1
11.5599827212035 10.5581110360378 1
9.60796615199475 8.671312854194 1
10.104432018681 8.07544321108711 1
10.3039859535013 10.0226954073194 1
10.3714642335241 9.41851158736595 1
8.71119105056128 9.77584837333581 1
9.83167584011285 11.1984341893326 1
9.2064859911568 8.64142128766768 1
11.4366538120882 9.97992861110882 1
12.8092027604743 10.8901334350409 1
9.75444880480718 9.972141096929 1
10.4275519733037 9.12066134426032 1
9.67212757092239 10.7653220422697 1
9.7556498182767 9.02241145077774 1
9.05975636162403 10.5303049471144 1
10.136925222355 10.9349059760604 1
11.8542434391956 10.3461882835385 1
8.35626154845513 9.26641915486825 1
10.1430235057932 10.7104432059624 1
10.5241916577934 9.67729195578697 1
9.210681845528 9.63936146102952 1
9.03855902641096 10.1551532951658 1
8.70649108618651 8.60909385499193 1
11.3560459390392 11.3731940116918 1
10.8519907272098 9.13485031477972 1
11.1029117307416 8.69749115178519 1
9.15708522184532 10.8934207604724 1
10.4048744356676 9.11962333871163 1
9.65536965941101 9.5833805538203 1
9.8841072721434 9.95937084065939 1
9.97732319173214 10.1435896546968 1
8.18961235092333 10.0975113839006 1
9.81505950122841 10.166429687308 1
10.427900749312 11.4763111033987 1
8.98516991919611 8.45399046650935 1
10.832175544229 11.3709270356915 1
11.4727851199527 9.69312304200174 1
9.546266611314 9.82185036154239 1
9.33687290247675 10.8408655539789 1
10.7153894711245 9.29614533665091 1
7.97923562700404 9.61965146522722 1
8.0775081098983 9.38715254679639 1
10.5379136424645 9.15238990180311 1
11.1210610539534 11.4512574738101 1
10.7519621450616 8.95956118528836 1
10.4055921498613 10.0246591300967 1
10.1743359594479 10.862200330888 1
9.00270208408645 10.7082868100258 1
9.49238773058966 9.3634319019461 1
10.9695288051273 10.9087519952167 1
9.78639869678287 9.41726755105026 1
10.6238114127738 10.0810977482531 1
9.66971928407868 9.95635450956521 1
11.3008866410643 10.2753861413815 1
